{
 "metadata": {
  "language_info": {
   "codemirror_mode": {
    "name": "ipython",
    "version": 3
   },
   "file_extension": ".py",
   "mimetype": "text/x-python",
   "name": "python",
   "nbconvert_exporter": "python",
   "pygments_lexer": "ipython3",
   "version": "3.7.0"
  },
  "orig_nbformat": 4,
  "kernelspec": {
   "name": "python3",
   "display_name": "Python 3.7.0 32-bit"
  },
  "interpreter": {
   "hash": "04635d289a519a1410467dd0afb0db42f9184808881ca68b2eb5a687a20a5a94"
  }
 },
 "nbformat": 4,
 "nbformat_minor": 2,
 "cells": [
  {
   "cell_type": "code",
   "execution_count": 3,
   "metadata": {},
   "outputs": [
    {
     "output_type": "stream",
     "name": "stdout",
     "text": [
      "[[0.23948493 0.25990528 0.24019903 0.26041076]\n [0.19531455 0.25425735 0.28615093 0.26427717]\n [0.19848801 0.287843   0.24985576 0.26381324]\n [0.2067586  0.2644218  0.27974467 0.24907493]\n [0.17869388 0.26650395 0.28442794 0.27037423]\n [0.19195549 0.28002422 0.27644636 0.25157392]\n [0.22637059 0.25493341 0.28804736 0.23064864]\n [0.2236819  0.25283598 0.25275653 0.27072558]\n [0.2186546  0.26874729 0.24190778 0.27069033]\n [0.24750201 0.26011795 0.24133733 0.25104271]\n [0.21889111 0.27568673 0.231848   0.27357416]\n [0.24412113 0.25826782 0.24669414 0.25091691]\n [0.23217924 0.27588315 0.26520174 0.22673587]\n [0.24520799 0.2533501  0.25080483 0.25063708]\n [0.24133429 0.26238014 0.25668443 0.23960114]\n [0.23937027 0.2651783  0.2331134  0.26233803]\n [0.22752794 0.26676542 0.25920408 0.24650256]\n [0.22009446 0.27276221 0.26574715 0.24139618]\n [0.22682712 0.25082366 0.23799671 0.2843525 ]\n [0.1952229  0.29159215 0.25301837 0.26016658]\n [0.23951929 0.25166333 0.2567752  0.25204218]\n [0.23513675 0.26314505 0.24807582 0.25364238]\n [0.2051035  0.26413036 0.24510266 0.28566348]\n [0.23356717 0.27709039 0.25088048 0.23846197]\n [0.20323892 0.25467694 0.26822882 0.27385533]\n [0.23104594 0.26108564 0.24882866 0.25903977]\n [0.24653526 0.25719572 0.25374913 0.24251989]\n [0.21601973 0.26150042 0.30498323 0.21749662]\n [0.24192023 0.260021   0.24193024 0.25612853]\n [0.23624595 0.25411645 0.24334556 0.26629204]\n [0.1746133  0.29009103 0.27682413 0.25847155]\n [0.2313784  0.26545237 0.24211168 0.26105756]\n [0.24123931 0.2533019  0.2473067  0.25815209]\n [0.18148635 0.25851825 0.29730546 0.26268994]\n [0.21893599 0.2652935  0.26747774 0.24829276]\n [0.23731957 0.26724641 0.23229772 0.26313631]\n [0.18509779 0.29428415 0.26056593 0.26005214]\n [0.20543428 0.27837971 0.24914562 0.26704039]\n [0.19897045 0.255802   0.28151347 0.26371408]\n [0.23125067 0.24866008 0.28329183 0.23679742]\n [0.20530072 0.2509503  0.29668278 0.2470662 ]\n [0.24875984 0.25636836 0.24851736 0.24635444]\n [0.23214793 0.27162012 0.25529403 0.24093792]\n [0.23658951 0.2844428  0.22963396 0.24933372]\n [0.22365926 0.26647005 0.2676231  0.24224759]\n [0.19521407 0.25247402 0.28737482 0.26493709]\n [0.22089914 0.27406573 0.26451405 0.24052108]\n [0.22296701 0.2598036  0.25064079 0.2665886 ]\n [0.24030721 0.2566737  0.23818898 0.26483011]\n [0.18416674 0.31600448 0.26557263 0.23425615]\n [0.24280183 0.26867085 0.24619572 0.24233159]\n [0.23959018 0.25175117 0.24548924 0.26316941]\n [0.219135   0.25401241 0.27997312 0.24687947]\n [0.23501524 0.25211112 0.27081507 0.24205857]\n [0.22396937 0.25646536 0.26375462 0.25581066]\n [0.24575438 0.25906889 0.23905626 0.25612046]\n [0.23974101 0.2489313  0.25499837 0.25632932]\n [0.19075442 0.26422062 0.29323593 0.25178903]\n [0.21191852 0.26351141 0.2582809  0.26628917]\n [0.24160083 0.25460438 0.23877313 0.26502167]\n [0.22775241 0.25048685 0.26023129 0.26152945]\n [0.23495315 0.25153218 0.23589778 0.27761689]\n [0.22516886 0.25316916 0.25915226 0.26250972]\n [0.20751686 0.2471137  0.28871623 0.2566532 ]\n [0.21678452 0.2672117  0.21553884 0.30046495]\n [0.22387328 0.2601202  0.24243623 0.27357029]\n [0.20277807 0.27350089 0.28915555 0.23456549]\n [0.22719962 0.26482055 0.24431361 0.26366621]\n [0.22906551 0.24719468 0.29172596 0.23201386]\n [0.22855814 0.2875509  0.21741964 0.26647132]\n [0.23805352 0.26322424 0.22778607 0.27093618]\n [0.23369237 0.25342698 0.25282404 0.26005661]\n [0.2160693  0.25896858 0.267725   0.25723712]\n [0.22928972 0.25758934 0.25714524 0.2559757 ]\n [0.22848285 0.30603154 0.22845111 0.23703449]\n [0.22668364 0.27770504 0.25532169 0.24028963]\n [0.24153393 0.2625349  0.23551904 0.26041213]\n [0.22548246 0.25602322 0.26996352 0.24853079]\n [0.25474169 0.25887262 0.25037836 0.23600733]\n [0.23723417 0.26808337 0.22989307 0.26478939]\n [0.22483707 0.26846392 0.22991815 0.27678086]\n [0.24528854 0.2721186  0.25956127 0.22303159]\n [0.21181216 0.27487633 0.23261143 0.28070008]\n [0.21890693 0.25816174 0.26447802 0.25845331]\n [0.23717717 0.25857283 0.26901092 0.23523908]\n [0.22564798 0.24758694 0.25647876 0.27028632]\n [0.23945006 0.26557461 0.23694587 0.25802946]\n [0.20213689 0.26591173 0.26967998 0.26227139]\n [0.2315109  0.26325316 0.2543374  0.25089854]\n [0.2254207  0.26308541 0.26508071 0.24641318]\n [0.2114591  0.26900248 0.28260925 0.23692917]\n [0.22756337 0.25182358 0.24212003 0.27849302]\n [0.25104039 0.25711096 0.2531558  0.23869284]\n [0.24090997 0.25231103 0.25075634 0.25602265]\n [0.1960839  0.28032328 0.30753538 0.21605745]\n [0.23016508 0.25622959 0.25131651 0.26228882]\n [0.2330772  0.25867783 0.24608182 0.26216315]\n [0.23511213 0.25297685 0.2361071  0.27580392]\n [0.228163   0.25294395 0.27175655 0.2471365 ]\n [0.24708013 0.25577358 0.25122032 0.24592597]]\n"
     ]
    }
   ],
   "source": [
    "import numpy as np\n",
    "import matplotlib as mtp\n",
    "from Layer import Dense\n",
    "from Activation import ReLU, SoftMax\n",
    "from NeuralNetwork import NeuralNetwork\n",
    "from Loss import CategoricalCrossEntropy\n",
    "\n",
    "X = np.random.randn(100,10)\n",
    "nn = NeuralNetwork()\n",
    "nn.addLayer(Dense(10,16), ReLU())\n",
    "nn.addLayer(Dense(16,4), SoftMax())\n",
    "\n",
    "nn.forward(X)\n",
    "nn.calculateLoss(CategoricalCrossEntropy())\n",
    "\n",
    "print(nn.loss)\n",
    "print(nn.output)"
   ]
  },
  {
   "cell_type": "code",
   "execution_count": null,
   "metadata": {},
   "outputs": [],
   "source": []
  }
 ]
}